0 24 48 288 312 336 288 312 336 291 315 339 288 312 336 294 318 342 291 315 339 297 321 345 
1 25 49 289 313 337 289 313 337 292 316 340 289 313 337 295 319 343 292 316 340 298 322 346 
2 26 50 290 314 338 290 314 338 293 317 341 290 314 338 296 320 344 293 317 341 299 323 347 
72 96 120 360 384 408 360 384 408 363 387 411 360 384 408 366 390 414 363 387 411 369 393 417 
73 97 121 361 385 409 361 385 409 364 388 412 361 385 409 367 391 415 364 388 412 370 394 418 
74 98 122 362 386 410 362 386 410 365 389 413 362 386 410 368 392 416 365 389 413 371 395 419 
144 168 192 432 456 480 432 456 480 435 459 483 432 456 480 438 462 486 435 459 483 441 465 489 
145 169 193 433 457 481 433 457 481 436 460 484 433 457 481 439 463 487 436 460 484 442 466 490 
146 170 194 434 458 482 434 458 482 437 461 485 434 458 482 440 464 488 437 461 485 443 467 491 
216 240 264 504 528 552 504 528 552 507 531 555 504 528 552 510 534 558 507 531 555 513 537 561 
217 241 265 505 529 553 505 529 553 508 532 556 505 529 553 511 535 559 508 532 556 514 538 562 
218 242 266 506 530 554 506 530 554 509 533 557 506 530 554 512 536 560 509 533 557 515 539 563 
288 312 336 12 36 60 12 36 60 15 39 63 12 36 60 18 42 66 15 39 63 21 45 69 
289 313 337 13 37 61 13 37 61 16 40 64 13 37 61 19 43 67 16 40 64 22 46 70 
290 314 338 14 38 62 14 38 62 17 41 65 14 38 62 20 44 68 17 41 65 23 47 71 
360 384 408 291 315 339 84 108 132 18 42 66 84 108 132 15 39 63 87 111 135 21 45 69 
361 385 409 292 316 340 85 109 133 19 43 67 85 109 133 16 40 64 88 112 136 22 46 70 
362 386 410 293 317 341 86 110 134 20 44 68 86 110 134 17 41 65 89 113 137 23 47 71 
432 456 480 294 318 342 294 318 342 18 42 66 156 180 204 297 321 345 18 42 66 21 45 69 
433 457 481 295 319 343 295 319 343 19 43 67 157 181 205 298 322 346 19 43 67 22 46 70 
434 458 482 296 320 344 296 320 344 20 44 68 158 182 206 299 323 347 20 44 68 23 47 71 
504 528 552 435 459 483 366 390 414 297 321 345 228 252 276 159 183 207 90 114 138 21 45 69 
505 529 553 436 460 484 367 391 415 298 322 346 229 253 277 160 184 208 91 115 139 22 46 70 
506 530 554 437 461 485 368 392 416 299 323 347 230 254 278 161 185 209 92 116 140 23 47 71 
