0 24 48 1 25 49 2 26 50 72 96 120 73 97 121 74 98 122 144 168 192 145 169 193  done 
146 170 194 216 240 264 217 241 265 218 242 266 288 312 336 289 313 337 290 314 338 360 384 408  done 
361 385 409 362 386 410 432 456 480 433 457 481 434 458 482 504 528 552 505 529 553 506 530 554  done 
3 27 51 4 28 52 5 29 53 75 99 123 76 100 124 77 101 125 147 171 195 148 172 196  done 
149 173 197 219 243 267 220 244 268 221 245 269 291 315 339 292 316 340 293 317 341 363 387 411  done 
364 388 412 365 389 413 435 459 483 436 460 484 437 461 485 507 531 555 508 532 556 509 533 557  done 
6 30 54 7 31 55 8 32 56 78 102 126 79 103 127 80 104 128 150 174 198 151 175 199  done 
152 176 200 222 246 270 223 247 271 224 248 272 294 318 342 295 319 343 296 320 344 366 390 414  done 
367 391 415 368 392 416 438 462 486 439 463 487 440 464 488 510 534 558 511 535 559 512 536 560  done 
9 33 57 10 34 58 11 35 59 81 105 129 82 106 130 83 107 131 153 177 201 154 178 202  done 
155 179 203 225 249 273 226 250 274 227 251 275 297 321 345 298 322 346 299 323 347 369 393 417  done 
370 394 418 371 395 419 441 465 489 442 466 490 443 467 491 513 537 561 514 538 562 515 539 563  done 
12 36 60 13 37 61 14 38 62 84 108 132 85 109 133 86 110 134 156 180 204 157 181 205  done 
158 182 206 228 252 276 229 253 277 230 254 278 300 324 348 301 325 349 302 326 350 372 396 420  done 
373 397 421 374 398 422 444 468 492 445 469 493 446 470 494 516 540 564 517 541 565 518 542 566  done 
15 39 63 16 40 64 17 41 65 87 111 135 88 112 136 89 113 137 159 183 207 160 184 208  done 
161 185 209 231 255 279 232 256 280 233 257 281 303 327 351 304 328 352 305 329 353 375 399 423  done 
376 400 424 377 401 425 447 471 495 448 472 496 449 473 497 519 543 567 520 544 568 521 545 569  done 
18 42 66 19 43 67 20 44 68 90 114 138 91 115 139 92 116 140 162 186 210 163 187 211  done 
164 188 212 234 258 282 235 259 283 236 260 284 306 330 354 307 331 355 308 332 356 378 402 426  done 
379 403 427 380 404 428 450 474 498 451 475 499 452 476 500 522 546 570 523 547 571 524 548 572  done 
21 45 69 22 46 70 23 47 71 93 117 141 94 118 142 95 119 143 165 189 213 166 190 214  done 
167 191 215 237 261 285 238 262 286 239 263 287 309 333 357 310 334 358 311 335 359 381 405 429  done 
382 406 430 383 407 431 453 477 501 454 478 502 455 479 503 525 549 573 526 550 574 527 551 575  done 
